10,185
10,187
10,229
10,211
10,225
10,273
10,139
10,83
10,2
10,3
9,5
8,16
8,15
8,10
8,9
8,13
8,3
80,3
80,2
80,1
80,0
79,5
79,4
79,3
79,2
79,1
79,0
76,5
76,4
76,3
76,2
76,1
76,0
71,5
71,4
71,3
71,2
71,1
71,0
70,4
70,3
70,2
70,1
70,0
69,4
69,3
69,2
69,1
69,0
68,3
68,2
68,1
68,0
65,3
65,2
65,1
65,0
20,3
20,2
20,1
19,3
19,2
19,1
12,3
12,2
12,1
11,29
11,28
11,27
11,26
11,25
11,24
11,23
11,22
11,21
11,20
11,19
11,18
11,17
11,16
11,15
11,14
11,13
11,12
11,11
11,10
11,9
11,8
11,7
11,6
11,5
11,4
11,3
11,2
11,1
10,312
10,310
10,309
10,307
10,304
10,301
10,296
18,1
10,295
18,3
10,294
10,291
10,290
10,210
10,204
10,124
10,114
14,1
10,94
14,3
